===
WorldToCameraMatrices
===
0.99859	-0.03619	0.03890	0.03290
0.05214	0.80795	-0.58694	-0.93326
0.01018	-0.58814	-0.80870	0.64172
0.00000	0.00000	0.00000	1.00000
===
0.91176	-0.24238	-0.33158	0.20054
0.03600	0.85136	-0.52334	-0.96445
-0.40914	-0.46523	-0.78496	0.57139
0.00000	0.00000	0.00000	1.00000
===
0.68174	-0.19252	-0.70581	0.20292
0.08577	0.97914	-0.18423	-1.08326
-0.72655	-0.06506	-0.68403	0.25670
0.00000	0.00000	0.00000	1.00000
===
ProjectorMatrices
===
2.44082	0.00000	0.07675	0.00000
0.00000	4.33960	-0.06811	0.00000
0.00000	0.00000	-1.00000	0.00000
0.00000	0.00000	-1.00000	0.00000
===
2.44082	0.00000	0.07675	0.00000
0.00000	4.33960	-0.06811	0.00000
0.00000	0.00000	-1.00000	0.00000
0.00000	0.00000	-1.00000	0.00000
===
2.44082	0.00000	0.07675	0.00000
0.00000	4.33960	-0.06811	0.00000
0.00000	0.00000	-1.00000	0.00000
0.00000	0.00000	-1.00000	0.00000
===
LocalToWorldMatrices
===
0.99852	0.05433	-0.00265	1.53765
-0.00207	-0.01079	-0.99994	1.26479
-0.05435	0.99846	-0.01066	0.43367
0.00000	0.00000	0.00000	1.00000
===
0.99849	0.05493	-0.00096	1.40724
-0.00034	-0.01128	-0.99994	1.28350
-0.05494	0.99843	-0.01124	-1.98916
0.00000	0.00000	0.00000	1.00000
===
0.99833	0.05769	-0.00068	1.12998
-0.00012	-0.00958	-0.99995	1.32758
-0.05769	0.99829	-0.00956	-6.81685
0.00000	0.00000	0.00000	1.00000
===
0.99850	0.05460	-0.00305	1.67961
-0.00251	-0.00990	-0.99995	3.64747
-0.05463	0.99846	-0.00975	2.86959
0.00000	0.00000	0.00000	1.00000
===
0.99837	0.05706	-0.00124	-0.99350
-0.00070	-0.00952	-0.99995	-1.14066
-0.05707	0.99833	-0.00946	-1.85944
0.00000	0.00000	0.00000	1.00000
===
0.99850	0.05460	-0.00309	-3.42479
-0.00255	-0.00996	-0.99995	1.28800
-0.05462	0.99846	-0.00980	-1.72218
0.00000	0.00000	0.00000	1.00000
===
0.99850	0.05460	-0.00305	1.54748
-0.00251	-0.00990	-0.99995	3.67143
-0.05463	0.99846	-0.00975	0.45331
0.00000	0.00000	0.00000	1.00000
===
0.99850	0.05460	-0.00305	1.67223
-0.00251	-0.00990	-0.99995	1.22759
-0.05463	0.99846	-0.00975	2.84600
0.00000	0.00000	0.00000	1.00000
===
0.99852	0.05433	-0.00265	-0.87877
-0.00207	-0.01079	-0.99994	1.26979
-0.05435	0.99846	-0.01066	0.56521
0.00000	0.00000	0.00000	1.00000
===
0.99849	0.05493	-0.00092	1.53795
-0.00031	-0.01123	-0.99994	-1.16369
-0.05494	0.99843	-0.01119	0.39995
0.00000	0.00000	0.00000	1.00000
===
0.99839	0.05665	0.00076	3.53809
0.00132	-0.00992	-0.99995	1.33492
-0.05664	0.99834	-0.00998	-6.95525
0.00000	0.00000	0.00000	1.00000
===
0.99832	0.05789	0.00021	-1.28660
0.00081	-0.01023	-0.99995	1.33112
-0.05789	0.99827	-0.01026	-6.68088
0.00000	0.00000	0.00000	1.00000
===
0.99850	0.05460	-0.00305	-0.74415
-0.00251	-0.00990	-0.99995	1.23367
-0.05463	0.99846	-0.00975	2.97819
0.00000	0.00000	0.00000	1.00000
===
0.99849	0.05493	-0.00092	1.67088
-0.00031	-0.01123	-0.99994	-1.19086
-0.05494	0.99843	-0.01119	2.81615
0.00000	0.00000	0.00000	1.00000
===
0.99849	0.05493	-0.00096	1.27431
-0.00034	-0.01128	-0.99994	1.31079
-0.05494	0.99843	-0.01124	-4.40536
0.00000	0.00000	0.00000	1.00000
===
0.99831	0.05807	-0.00234	-3.42566
-0.00196	-0.00666	-0.99998	-1.13667
-0.05808	0.99829	-0.00654	-1.72320
0.00000	0.00000	0.00000	1.00000
===
0.99842	0.05625	0.00029	1.27244
0.00090	-0.01074	-0.99994	-1.11105
-0.05625	0.99836	-0.01077	-4.43473
0.00000	0.00000	0.00000	1.00000
===
0.99849	0.05493	-0.00096	-1.14204
-0.00034	-0.01128	-0.99994	1.31162
-0.05494	0.99843	-0.01124	-4.27241
0.00000	0.00000	0.00000	1.00000
===
0.99852	0.05433	-0.00265	-0.88518
-0.00207	-0.01079	-0.99994	-1.15007
-0.05435	0.99846	-0.01066	0.53941
0.00000	0.00000	0.00000	1.00000
===
0.99833	0.05785	0.00060	1.13692
0.00114	-0.00929	-0.99996	-1.09554
-0.05784	0.99828	-0.00934	-6.82827
0.00000	0.00000	0.00000	1.00000
===
0.99845	0.05573	0.00007	3.68627
0.00071	-0.01150	-0.99993	1.31030
-0.05573	0.99838	-0.01152	-4.53957
0.00000	0.00000	0.00000	1.00000
===
0.99831	0.05806	-0.00141	-1.29114
-0.00084	-0.00971	-0.99995	-1.09170
-0.05807	0.99827	-0.00964	-6.69608
0.00000	0.00000	0.00000	1.00000
===
0.99842	0.05624	-0.00005	-1.14390
0.00063	-0.01211	-0.99993	-1.11215
-0.05624	0.99834	-0.01213	-4.29763
0.00000	0.00000	0.00000	1.00000
===
0.99835	0.05742	0.00002	3.68592
0.00065	-0.01100	-0.99994	-1.10942
-0.05742	0.99829	-0.01102	-4.57143
0.00000	0.00000	0.00000	1.00000
===
0.99849	0.05493	-0.00096	1.40492
-0.00034	-0.01128	-0.99994	-1.13635
-0.05494	0.99843	-0.01124	-2.01638
0.00000	0.00000	0.00000	1.00000
===
0.99799	0.06334	-0.00155	-3.56445
-0.00109	-0.00739	-0.99997	1.29919
-0.06335	0.99796	-0.00730	-4.09689
0.00000	0.00000	0.00000	1.00000
===
0.99850	0.05460	-0.00305	-0.86890
-0.00251	-0.00990	-0.99995	3.67751
-0.05463	0.99846	-0.00975	0.58551
0.00000	0.00000	0.00000	1.00000
===
0.99830	0.05813	-0.00345	-3.57241
-0.00304	-0.00721	-0.99997	-1.11699
-0.05815	0.99828	-0.00702	-4.12605
0.00000	0.00000	0.00000	1.00000
===
0.99852	0.05429	-0.00283	-1.00997
-0.00218	-0.01199	-0.99993	1.29979
-0.05432	0.99845	-0.01185	-1.85125
0.00000	0.00000	0.00000	1.00000
===
0.99851	0.05449	-0.00282	-3.29495
-0.00217	-0.01191	-0.99993	1.27596
-0.05452	0.99844	-0.01178	0.69673
0.00000	0.00000	0.00000	1.00000


