===
WorldToCameraMatrices
===
0.99390	0.04285	-0.10167	-0.06523
-0.00444	0.93627	0.35126	-1.12893
-0.11024	0.34867	-0.93074	0.03918
0.00000	0.00000	0.00000	1.00000
===
0.85246	0.04144	-0.52115	0.02767
0.17233	0.91886	0.35495	-1.11663
-0.49358	0.39239	-0.77615	-0.03307
0.00000	0.00000	0.00000	1.00000
===
0.88067	-0.02827	-0.47289	0.18509
0.10542	0.98488	0.13746	-1.09236
-0.46186	0.17091	-0.87033	0.03499
0.00000	0.00000	0.00000	1.00000
===
0.99512	0.01148	-0.09797	0.10800
-0.00521	0.99794	0.06399	-1.10555
-0.09850	0.06316	-0.99313	0.22402
0.00000	0.00000	0.00000	1.00000
===
0.98027	-0.01628	0.19702	0.08165
-0.00353	0.99500	0.09979	-1.11525
0.19766	0.09851	-0.97531	0.25071
0.00000	0.00000	0.00000	1.00000
===
0.88418	-0.02154	0.46665	-0.06329
-0.13861	0.94186	0.30610	-1.10544
0.44611	0.33533	-0.82979	-0.01628
0.00000	0.00000	0.00000	1.00000
===
0.88591	-0.13627	0.44338	0.14677
-0.08597	0.89108	0.44563	-0.94371
0.45581	0.43291	-0.77771	-0.36375
0.00000	0.00000	0.00000	1.00000
===
0.94978	-0.00560	-0.31286	1.44759
0.03945	0.99401	0.10196	-0.85883
-0.31042	0.10919	-0.94431	-2.31963
0.00000	0.00000	0.00000	1.00000
===
ProjectorMatrices
===
2.44082	0.00000	0.07675	0.00000
0.00000	4.33960	-0.06811	0.00000
0.00000	0.00000	-1.00000	0.00000
0.00000	0.00000	-1.00000	0.00000
===
2.44082	0.00000	0.07675	0.00000
0.00000	4.33960	-0.06811	0.00000
0.00000	0.00000	-1.00000	0.00000
0.00000	0.00000	-1.00000	0.00000
===
2.44082	0.00000	0.07675	0.00000
0.00000	4.33960	-0.06811	0.00000
0.00000	0.00000	-1.00000	0.00000
0.00000	0.00000	-1.00000	0.00000
===
2.44082	0.00000	0.07675	0.00000
0.00000	4.33960	-0.06811	0.00000
0.00000	0.00000	-1.00000	0.00000
0.00000	0.00000	-1.00000	0.00000
===
2.44082	0.00000	0.07675	0.00000
0.00000	4.33960	-0.06811	0.00000
0.00000	0.00000	-1.00000	0.00000
0.00000	0.00000	-1.00000	0.00000
===
2.44082	0.00000	0.07675	0.00000
0.00000	4.33960	-0.06811	0.00000
0.00000	0.00000	-1.00000	0.00000
0.00000	0.00000	-1.00000	0.00000
===
2.44082	0.00000	0.07675	0.00000
0.00000	4.33960	-0.06811	0.00000
0.00000	0.00000	-1.00000	0.00000
0.00000	0.00000	-1.00000	0.00000
===
2.44082	0.00000	0.07675	0.00000
0.00000	4.33960	-0.06811	0.00000
0.00000	0.00000	-1.00000	0.00000
0.00000	0.00000	-1.00000	0.00000
===
LocalToWorldMatrices
===
0.70948	-0.70473	-0.00018	0.51274
-0.00273	-0.00250	-0.99999	-1.69490
0.70472	0.70947	-0.00370	2.55154
0.00000	0.00000	0.00000	1.00000
===
0.70877	-0.70544	-0.00105	-6.32776
0.00136	0.00286	-1.00000	3.13983
0.70544	0.70876	0.00299	2.57355
0.00000	0.00000	0.00000	1.00000
===
0.70877	-0.70544	-0.00105	-2.90791
0.00136	0.00286	-1.00000	0.71623
0.70544	0.70876	0.00299	2.57274
0.00000	0.00000	0.00000	1.00000
===
0.70877	-0.70544	-0.00105	-2.90240
0.00136	0.00286	-1.00000	-1.69355
0.70544	0.70876	0.00299	6.00234
0.00000	0.00000	0.00000	1.00000
===
0.70931	-0.70490	-0.00036	2.22737
0.00268	0.00321	-0.99999	3.13588
0.70490	0.70930	0.00417	4.26609
0.00000	0.00000	0.00000	1.00000
===
0.70855	-0.70566	0.00005	2.24466
0.00232	0.00226	-0.99999	-1.70244
0.70565	0.70855	0.00324	4.28044
0.00000	0.00000	0.00000	1.00000
===
0.70886	-0.70534	-0.00048	5.64851
0.00226	0.00296	-0.99999	0.71440
0.70534	0.70886	0.00369	4.26835
0.00000	0.00000	0.00000	1.00000
===
0.70877	-0.70544	-0.00100	-4.61505
0.00138	0.00281	-1.00000	0.72289
0.70544	0.70876	0.00296	4.28795
0.00000	0.00000	0.00000	1.00000
===
0.70763	-0.70658	-0.00056	3.95962
0.00033	0.00112	-1.00000	3.12810
0.70658	0.70763	0.00102	-0.86660
0.00000	0.00000	0.00000	1.00000
===
0.70877	-0.70544	-0.00105	-4.62312
0.00136	0.00286	-1.00000	0.71293
0.70544	0.70876	0.00299	0.86557
0.00000	0.00000	0.00000	1.00000
===
0.70877	-0.70544	-0.00100	-2.91030
0.00138	0.00281	-1.00000	-1.70389
0.70544	0.70876	0.00296	2.57991
0.00000	0.00000	0.00000	1.00000
===
0.70877	-0.70543	-0.00098	-4.62553
0.00150	0.00290	-0.99999	-1.70727
0.70543	0.70877	0.00312	0.87293
0.00000	0.00000	0.00000	1.00000
===
0.70877	-0.70544	-0.00105	-2.89733
0.00136	0.00286	-1.00000	3.14643
0.70544	0.70876	0.00299	5.98789
0.00000	0.00000	0.00000	1.00000
===
0.70763	-0.70658	-0.00056	5.67073
0.00033	0.00112	-1.00000	0.70889
0.70658	0.70763	0.00102	0.84581
0.00000	0.00000	0.00000	1.00000
===
0.70913	-0.70508	-0.00083	2.22867
0.00180	0.00299	-0.99999	0.71643
0.70508	0.70912	0.00339	4.27097
0.00000	0.00000	0.00000	1.00000
===
0.70763	-0.70658	-0.00056	5.67208
0.00033	0.00112	-1.00000	3.12889
0.70658	0.70763	0.00102	0.84334
0.00000	0.00000	0.00000	1.00000
===
0.70817	-0.70604	0.00007	2.23084
0.00138	0.00129	-1.00000	3.12363
0.70604	0.70817	0.00189	-2.57884
0.00000	0.00000	0.00000	1.00000
===
0.70895	-0.70525	-0.00064	0.51990
0.00154	0.00246	-1.00000	3.13544
0.70525	0.70895	0.00283	2.55653
0.00000	0.00000	0.00000	1.00000
===
0.70864	-0.70557	-0.00088	-6.33558
0.00171	0.00296	-0.99999	-1.70046
0.70557	0.70864	0.00331	2.58960
0.00000	0.00000	0.00000	1.00000
===
0.70812	-0.70609	-0.00066	3.96110
0.00153	0.00247	-1.00000	3.12875
0.70609	0.70812	0.00283	2.55256
0.00000	0.00000	0.00000	1.00000
===
0.70877	-0.70544	-0.00105	-4.61254
0.00136	0.00286	-1.00000	3.14313
0.70544	0.70876	0.00299	4.28072
0.00000	0.00000	0.00000	1.00000
===
0.70877	-0.70544	-0.00100	-4.61747
0.00138	0.00281	-1.00000	-1.69710
0.70544	0.70876	0.00296	4.29512
0.00000	0.00000	0.00000	1.00000
===
0.70870	-0.70550	-0.00176	-6.33622
0.00164	0.00414	-0.99999	0.70574
0.70550	0.70870	0.00409	-0.83955
0.00000	0.00000	0.00000	1.00000
===
0.70855	-0.70566	0.00005	3.95235
0.00232	0.00226	-0.99999	-1.70791
0.70565	0.70855	0.00324	2.56574
0.00000	0.00000	0.00000	1.00000
===
0.70742	-0.70679	0.00232	-1.18616
0.00273	-0.00056	-1.00000	0.70217
0.70678	0.70743	0.00153	-2.57011
0.00000	0.00000	0.00000	1.00000
===
0.70816	-0.70605	-0.00026	2.23749
0.00142	0.00180	-1.00000	0.70947
0.70605	0.70816	0.00228	0.84857
0.00000	0.00000	0.00000	1.00000
===
0.70816	-0.70605	-0.00022	-2.89916
0.00144	0.00175	-1.00000	-1.71313
0.70605	0.70816	0.00226	-0.84952
0.00000	0.00000	0.00000	1.00000
===
0.70818	-0.70604	0.00012	2.23102
0.00140	0.00124	-1.00000	0.70386
0.70604	0.70817	0.00186	-2.57429
0.00000	0.00000	0.00000	1.00000
===
0.70877	-0.70544	-0.00105	-2.89986
0.00136	0.00286	-1.00000	0.72644
0.70544	0.70876	0.00299	5.99512
0.00000	0.00000	0.00000	1.00000
===
0.70877	-0.70544	-0.00105	-4.62059
0.00136	0.00286	-1.00000	3.13292
0.70544	0.70876	0.00299	0.85834
0.00000	0.00000	0.00000	1.00000
===
0.70853	-0.70568	-0.00100	-4.61364
0.00179	0.00322	-0.99999	3.11815
0.70568	0.70852	0.00354	-2.56389
0.00000	0.00000	0.00000	1.00000
===
0.70830	-0.70591	-0.00093	-2.89851
0.00195	0.00327	-0.99999	3.12197
0.70590	0.70830	0.00369	-0.85603
0.00000	0.00000	0.00000	1.00000
===
0.70816	-0.70605	-0.00022	0.52324
0.00144	0.00175	-1.00000	-1.71387
0.70605	0.70816	0.00226	-0.85461
0.00000	0.00000	0.00000	1.00000
===
0.70860	-0.70561	0.00032	3.94707
0.00137	0.00091	-1.00000	-1.71037
0.70561	0.70860	0.00161	-0.86110
0.00000	0.00000	0.00000	1.00000
===
0.70764	-0.70658	-0.00049	3.95822
0.00047	0.00117	-1.00000	0.70823
0.70658	0.70764	0.00115	-0.86440
0.00000	0.00000	0.00000	1.00000
===
0.70877	-0.70543	-0.00098	-6.33030
0.00150	0.00290	-0.99999	0.71974
0.70543	0.70877	0.00312	2.58061
0.00000	0.00000	0.00000	1.00000
===
0.70846	-0.70575	-0.00020	-1.18686
0.00157	0.00186	-1.00000	3.12941
0.70575	0.70845	0.00242	0.84939
0.00000	0.00000	0.00000	1.00000
===
0.70817	-0.70605	-0.00020	2.23698
0.00156	0.00185	-1.00000	-1.71029
0.70604	0.70816	0.00241	0.85415
0.00000	0.00000	0.00000	1.00000
===
0.70816	-0.70605	-0.00022	-1.19051
0.00144	0.00175	-1.00000	-1.71737
0.70605	0.70816	0.00226	-2.56326
0.00000	0.00000	0.00000	1.00000
===
0.70822	-0.70599	-0.00151	-6.32411
0.00143	0.00357	-0.99999	3.12733
0.70599	0.70821	0.00354	-0.84832
0.00000	0.00000	0.00000	1.00000
===
0.70904	-0.70516	-0.00123	0.52625
0.00242	0.00417	-0.99999	3.14350
0.70516	0.70903	0.00467	5.98029
0.00000	0.00000	0.00000	1.00000
===
0.70840	-0.70581	-0.00172	-4.62231
0.00155	0.00400	-0.99999	0.69737
0.70581	0.70839	0.00392	-2.55228
0.00000	0.00000	0.00000	1.00000
===
0.70877	-0.70544	-0.00105	-1.19015
0.00136	0.00286	-1.00000	3.13952
0.70544	0.70876	0.00299	4.27269
0.00000	0.00000	0.00000	1.00000
===
0.70809	-0.70613	0.00016	0.51369
0.00113	0.00091	-1.00000	0.70190
0.70612	0.70809	0.00144	-4.28791
0.00000	0.00000	0.00000	1.00000
===
0.70913	-0.70508	-0.00083	0.52238
0.00180	0.00299	-0.99999	0.72366
0.70508	0.70912	0.00339	5.98705
0.00000	0.00000	0.00000	1.00000
===
0.70842	-0.70579	0.00018	-1.19331
0.00160	0.00135	-1.00000	3.12278
0.70579	0.70842	0.00208	-2.57606
0.00000	0.00000	0.00000	1.00000
===
0.70877	-0.70544	-0.00105	-1.19269
0.00136	0.00286	-1.00000	0.71953
0.70544	0.70876	0.00299	4.27991
0.00000	0.00000	0.00000	1.00000
===
0.70846	-0.70575	-0.00009	-1.18733
0.00162	0.00176	-1.00000	0.70939
0.70575	0.70846	0.00239	0.85490
0.00000	0.00000	0.00000	1.00000
===
0.70844	-0.70578	-0.00010	3.95435
0.00151	0.00165	-1.00000	0.71298
0.70577	0.70843	0.00223	2.55740
0.00000	0.00000	0.00000	1.00000
===
0.70877	-0.70544	-0.00105	-2.90537
0.00136	0.00286	-1.00000	3.13622
0.70544	0.70876	0.00299	2.56552
0.00000	0.00000	0.00000	1.00000
===
0.70801	-0.70620	-0.00122	2.23269
0.00014	0.00187	-1.00000	3.12946
0.70620	0.70801	0.00142	0.84655
0.00000	0.00000	0.00000	1.00000
===
0.70816	-0.70605	-0.00011	0.52376
0.00150	0.00166	-1.00000	0.70633
0.70605	0.70816	0.00223	-0.86045
0.00000	0.00000	0.00000	1.00000
===
0.70817	-0.70604	0.00007	0.52223
0.00138	0.00129	-1.00000	3.12675
0.70604	0.70817	0.00189	-0.86506
0.00000	0.00000	0.00000	1.00000
===
0.70877	-0.70544	-0.00105	-1.19523
0.00136	0.00286	-1.00000	-1.70046
0.70544	0.70876	0.00299	4.28714
0.00000	0.00000	0.00000	1.00000
===
0.70846	-0.70575	-0.00020	-1.18784
0.00157	0.00186	-1.00000	-1.71058
0.70575	0.70845	0.00242	0.86110
0.00000	0.00000	0.00000	1.00000
===
0.70877	-0.70544	-0.00100	0.51451
0.00138	0.00281	-1.00000	0.71266
0.70544	0.70876	0.00296	2.56470
0.00000	0.00000	0.00000	1.00000
===
0.70816	-0.70605	-0.00022	-2.89864
0.00144	0.00175	-1.00000	0.70687
0.70605	0.70816	0.00226	-0.85499
0.00000	0.00000	0.00000	1.00000
