===
WorldToCameraMatrices
===
0.97032	0.02603	-0.24040	0.90054
0.05649	0.94227	0.33004	-0.33194
-0.23512	0.33383	-0.91284	-2.26677
0.00000	0.00000	0.00000	1.00000
===
0.99446	0.01584	0.10396	1.63226
-0.04587	0.95491	0.29332	-0.56080
0.09462	0.29646	-0.95035	-1.82122
0.00000	0.00000	0.00000	1.00000
===
0.77964	0.04506	-0.62461	-0.11820
0.10657	0.97331	0.20324	-0.53873
-0.61710	0.22502	-0.75403	-2.35317
0.00000	0.00000	0.00000	1.00000
===
0.97436	0.02917	-0.22309	0.80203
-0.00549	0.99435	0.10604	-0.93177
-0.22492	0.10210	-0.96902	-1.87397
0.00000	0.00000	0.00000	1.00000
===
0.85720	-0.01053	-0.51488	0.20580
-0.00419	0.99962	-0.02742	-1.15986
-0.51497	-0.02566	-0.85682	-1.92028
0.00000	0.00000	0.00000	1.00000
===
0.99912	0.02939	0.02993	1.29866
-0.02960	0.99954	0.00649	-1.13399
0.02973	0.00737	-0.99953	-1.52552
0.00000	0.00000	0.00000	1.00000
===
0.99436	0.06451	-0.08416	2.69295
-0.02471	0.91278	0.40771	-0.77485
-0.10312	0.40333	-0.90923	-1.24492
0.00000	0.00000	0.00000	1.00000
===
0.99905	0.01256	-0.04186	2.75814
-0.00683	0.99092	0.13432	-1.01387
-0.04317	0.13390	-0.99005	-0.84684
0.00000	0.00000	0.00000	1.00000
===
0.99909	0.00588	-0.04227	-2.12553
0.01735	0.84888	0.52830	-1.05849
-0.03899	0.52855	-0.84801	0.00724
0.00000	0.00000	0.00000	1.00000
===
0.99899	-0.01666	-0.04174	-2.11628
0.02450	0.98052	0.19487	-1.10393
-0.03768	0.19570	-0.97994	0.31243
0.00000	0.00000	0.00000	1.00000
===
0.91541	-0.05940	0.39811	-1.05972
0.11049	0.98814	-0.10663	-1.25130
0.38706	-0.14159	-0.91112	-0.29137
0.00000	0.00000	0.00000	1.00000
===
ProjectorMatrices
===
2.44082	0.00000	0.07675	0.00000
0.00000	4.33960	-0.06811	0.00000
0.00000	0.00000	-1.00000	0.00000
0.00000	0.00000	-1.00000	0.00000
===
2.44082	0.00000	0.07675	0.00000
0.00000	4.33960	-0.06811	0.00000
0.00000	0.00000	-1.00000	0.00000
0.00000	0.00000	-1.00000	0.00000
===
2.44082	0.00000	0.07675	0.00000
0.00000	4.33960	-0.06811	0.00000
0.00000	0.00000	-1.00000	0.00000
0.00000	0.00000	-1.00000	0.00000
===
2.44082	0.00000	0.07675	0.00000
0.00000	4.33960	-0.06811	0.00000
0.00000	0.00000	-1.00000	0.00000
0.00000	0.00000	-1.00000	0.00000
===
2.44082	0.00000	0.07675	0.00000
0.00000	4.33960	-0.06811	0.00000
0.00000	0.00000	-1.00000	0.00000
0.00000	0.00000	-1.00000	0.00000
===
2.44082	0.00000	0.07675	0.00000
0.00000	4.33960	-0.06811	0.00000
0.00000	0.00000	-1.00000	0.00000
0.00000	0.00000	-1.00000	0.00000
===
2.44082	0.00000	0.07675	0.00000
0.00000	4.33960	-0.06811	0.00000
0.00000	0.00000	-1.00000	0.00000
0.00000	0.00000	-1.00000	0.00000
===
2.44082	0.00000	0.07675	0.00000
0.00000	4.33960	-0.06811	0.00000
0.00000	0.00000	-1.00000	0.00000
0.00000	0.00000	-1.00000	0.00000
===
2.44082	0.00000	0.07675	0.00000
0.00000	4.33960	-0.06811	0.00000
0.00000	0.00000	-1.00000	0.00000
0.00000	0.00000	-1.00000	0.00000
===
2.44082	0.00000	0.07675	0.00000
0.00000	4.33960	-0.06811	0.00000
0.00000	0.00000	-1.00000	0.00000
0.00000	0.00000	-1.00000	0.00000
===
2.44082	0.00000	0.07675	0.00000
0.00000	4.33960	-0.06811	0.00000
0.00000	0.00000	-1.00000	0.00000
0.00000	0.00000	-1.00000	0.00000
===
LocalToWorldMatrices
===
0.71141	-0.70271	0.00967	-1.61222
0.03272	0.01938	-0.99928	2.97677
0.70202	0.71121	0.03678	0.27493
0.00000	0.00000	0.00000	1.00000
===
0.71172	-0.70241	0.00887	-3.25799
0.03253	0.02034	-0.99926	-1.68267
0.70171	0.71148	0.03733	5.59836
0.00000	0.00000	0.00000	1.00000
===
0.71111	-0.70301	0.00965	0.13827
0.03261	0.01927	-0.99928	-1.90546
0.70232	0.71092	0.03663	-1.26947
0.00000	0.00000	0.00000	1.00000
===
0.71122	-0.70290	0.00991	1.88153
0.03319	0.01950	-0.99926	-1.70059
0.70218	0.71103	0.03719	3.85223
0.00000	0.00000	0.00000	1.00000
===
0.71172	-0.70241	0.00887	-5.04583
0.03253	0.02034	-0.99926	2.94708
0.70171	0.71148	0.03733	0.29962
0.00000	0.00000	0.00000	1.00000
===
0.70936	-0.70480	0.00868	1.81679
0.03079	0.01868	-0.99935	3.01218
0.70418	0.70916	0.03496	0.25082
0.00000	0.00000	0.00000	1.00000
===
0.71113	-0.70299	0.00998	1.81477
0.03256	0.01875	-0.99929	0.46819
0.70231	0.71095	0.03622	-3.07903
0.00000	0.00000	0.00000	1.00000
===
0.71172	-0.70241	0.00887	-6.74566
0.03253	0.02034	-0.99926	2.99631
0.70171	0.71148	0.03733	2.02141
0.00000	0.00000	0.00000	1.00000
===
0.71136	-0.70278	0.00820	-5.03795
0.03273	0.02147	-0.99923	0.39575
0.70206	0.71108	0.03828	-3.02530
0.00000	0.00000	0.00000	1.00000
===
0.71172	-0.70241	0.00887	-3.32347
0.03253	0.02034	-0.99926	3.02581
0.70171	0.71148	0.03733	1.99776
0.00000	0.00000	0.00000	1.00000
===
0.71148	-0.70265	0.00892	-5.05329
0.03297	0.02070	-0.99924	2.81467
0.70193	0.71123	0.03789	-3.12011
0.00000	0.00000	0.00000	1.00000
===
0.71122	-0.70290	0.00991	3.58254
0.03319	0.01950	-0.99926	-1.74777
0.70218	0.71103	0.03719	2.13155
0.00000	0.00000	0.00000	1.00000
===
0.70897	-0.70518	0.00934	3.54030
0.03099	0.01792	-0.99936	2.97031
0.70456	0.70880	0.03456	-1.46526
0.00000	0.00000	0.00000	1.00000
===
0.71111	-0.70301	0.00965	-3.30728
0.03261	0.01927	-0.99928	0.48051
0.70232	0.71092	0.03663	-1.33731
0.00000	0.00000	0.00000	1.00000
===
0.71172	-0.70241	0.00887	-5.02329
0.03253	0.02034	-0.99926	3.07504
0.70171	0.71148	0.03733	3.71955
0.00000	0.00000	0.00000	1.00000
===
0.71155	-0.70256	0.01017	3.56185
0.03240	0.01834	-0.99931	-1.86876
0.70189	0.71138	0.03582	-1.29193
0.00000	0.00000	0.00000	1.00000
===
0.71211	-0.70202	0.00867	0.12662
0.03440	0.02255	-0.99915	3.18468
0.70123	0.71180	0.04020	5.38670
0.00000	0.00000	0.00000	1.00000
===
0.71172	-0.70241	0.00887	-1.55816
0.03253	0.02034	-0.99926	-1.73190
0.70171	0.71148	0.03733	3.87657
0.00000	0.00000	0.00000	1.00000
===
0.71208	-0.70204	0.00910	1.84151
0.03299	0.02052	-0.99924	0.71641
0.70133	0.71184	0.03777	3.76168
0.00000	0.00000	0.00000	1.00000
===
0.71111	-0.70301	0.00965	1.85917
0.03261	0.01927	-0.99928	-1.82653
0.70232	0.71092	0.03663	0.43015
0.00000	0.00000	0.00000	1.00000
===
0.71162	-0.70250	0.00892	-6.70566
0.03270	0.02044	-0.99926	-1.84011
0.70180	0.71139	0.03752	2.20524
0.00000	0.00000	0.00000	1.00000
===
0.71113	-0.70299	0.00998	0.08938
0.03256	0.01875	-0.99929	2.93185
0.70231	0.71095	0.03622	-1.44619
0.00000	0.00000	0.00000	1.00000
===
0.71111	-0.70301	0.00965	0.11491
0.03261	0.01927	-0.99928	0.51281
0.70232	0.71092	0.03663	-1.35811
0.00000	0.00000	0.00000	1.00000
===
0.71111	-0.70301	0.00965	-3.28392
0.03261	0.01927	-0.99928	-1.93775
0.70232	0.71092	0.03663	-1.24867
0.00000	0.00000	0.00000	1.00000
===
0.71133	-0.70282	0.00726	-3.32775
0.03273	0.02280	-0.99920	0.34250
0.70210	0.71100	0.03923	-4.74797
0.00000	0.00000	0.00000	1.00000
===
0.70897	-0.70518	0.00934	3.56290
0.03099	0.01792	-0.99936	0.55186
0.70456	0.70880	0.03456	-1.38162
0.00000	0.00000	0.00000	1.00000
===
0.71172	-0.70241	0.00887	-3.30093
0.03253	0.02034	-0.99926	3.15377
0.70171	0.71148	0.03733	5.41769
0.00000	0.00000	0.00000	1.00000
===
0.71141	-0.70271	0.00991	0.08965
0.03228	0.01859	-0.99931	0.39017
0.70204	0.71124	0.03591	-4.77952
0.00000	0.00000	0.00000	1.00000
===
0.71172	-0.70241	0.00887	0.12019
0.03256	0.02037	-0.99926	0.63714
0.70171	0.71148	0.03737	2.06447
0.00000	0.00000	0.00000	1.00000
===
0.71172	-0.70241	0.00887	-3.30199
0.03253	0.02034	-0.99926	0.60759
0.70171	0.71148	0.03733	2.08809
0.00000	0.00000	0.00000	1.00000
===
0.71067	-0.70343	0.01183	-1.60529
0.03365	0.01719	-0.99929	0.43364
0.70272	0.71056	0.03589	-3.06117
0.00000	0.00000	0.00000	1.00000
===
0.71172	-0.70241	0.00887	-5.02436
0.03253	0.02034	-0.99926	0.52886
0.70171	0.71148	0.03733	0.38995
0.00000	0.00000	0.00000	1.00000
===
0.71172	-0.70241	0.00887	-1.57963
0.03253	0.02034	-0.99926	0.68632
0.70171	0.71148	0.03733	3.78623
0.00000	0.00000	0.00000	1.00000
===
0.71139	-0.70273	0.00982	3.55980
0.03269	0.01912	-0.99928	0.67075
0.70204	0.71120	0.03657	2.04128
0.00000	0.00000	0.00000	1.00000
===
0.71172	-0.70241	0.00887	-3.27946
0.03253	0.02034	-0.99926	0.73555
0.70171	0.71148	0.03733	5.50803
0.00000	0.00000	0.00000	1.00000
===
0.70897	-0.70518	0.00934	5.25600
0.03099	0.01792	-0.99936	3.04531
0.70456	0.70880	0.03456	0.23978
0.00000	0.00000	0.00000	1.00000
===
0.71172	-0.70241	0.00887	-5.00182
0.03253	0.02034	-0.99926	0.65682
0.70171	0.71148	0.03733	3.80989
0.00000	0.00000	0.00000	1.00000
===
0.71175	-0.70238	0.00829	-6.74172
0.03276	0.02140	-0.99923	0.44643
0.70167	0.71148	0.03824	-1.30927
0.00000	0.00000	0.00000	1.00000
===
0.71246	-0.70164	0.00965	0.14209
0.02828	0.01498	-0.99949	-1.76972
0.70114	0.71237	0.03052	2.13389
0.00000	0.00000	0.00000	1.00000
===
0.71138	-0.70274	0.01010	-1.63328
0.03277	0.01881	-0.99929	2.85234
0.70205	0.71120	0.03641	-3.14813
0.00000	0.00000	0.00000	1.00000
===
0.71172	-0.70241	0.00887	-4.98035
0.03253	0.02034	-0.99926	-1.76140
0.70171	0.71148	0.03733	3.90022
0.00000	0.00000	0.00000	1.00000
===
0.71117	-0.70297	0.00841	-6.75643
0.03261	0.02104	-0.99925	2.86617
0.70226	0.71091	0.03789	-1.39801
0.00000	0.00000	0.00000	1.00000
===
0.71125	-0.70288	0.00899	-3.33102
0.03313	0.02074	-0.99924	2.89394
0.70216	0.71101	0.03804	-1.42128
0.00000	0.00000	0.00000	1.00000
===
0.71172	-0.70241	0.00887	-6.72419
0.03253	0.02034	-0.99926	0.57809
0.70171	0.71148	0.03733	2.11175
0.00000	0.00000	0.00000	1.00000
===
0.71141	-0.70271	0.00967	-1.56542
0.03272	0.01938	-0.99928	-1.85973
0.70202	0.71121	0.03678	0.45296
0.00000	0.00000	0.00000	1.00000
===
0.71111	-0.70301	0.00965	-1.58263
0.03261	0.01927	-0.99928	-1.98438
0.70232	0.71092	0.03663	-2.96909
0.00000	0.00000	0.00000	1.00000
===
0.71172	-0.70241	0.00887	-1.60111
0.03253	0.02034	-0.99926	3.10454
0.70171	0.71148	0.03733	3.69590
0.00000	0.00000	0.00000	1.00000
===
0.70897	-0.70518	0.00934	5.27860
0.03099	0.01792	-0.99936	0.62686
0.70456	0.70880	0.03456	0.32342
0.00000	0.00000	0.00000	1.00000
===
0.71172	-0.70241	0.00887	-5.00288
0.03253	0.02034	-0.99926	-1.88936
0.70171	0.71148	0.03733	0.48029
0.00000	0.00000	0.00000	1.00000
===
0.71113	-0.70299	0.00998	1.79062
0.03256	0.01875	-0.99929	2.88648
0.70231	0.71095	0.03622	-3.16669
0.00000	0.00000	0.00000	1.00000
===
0.71208	-0.70204	0.00909	0.14257
0.03296	0.02049	-0.99925	0.76588
0.70133	0.71184	0.03773	5.48430
0.00000	0.00000	0.00000	1.00000
===
0.71108	-0.70305	0.00926	3.54261
0.03272	0.01992	-0.99927	3.08491
0.70235	0.71086	0.03717	1.95348
0.00000	0.00000	0.00000	1.00000
===
0.71111	-0.70301	0.00965	1.83581
0.03264	0.01930	-0.99928	0.59170
0.70232	0.71092	0.03667	0.34155
0.00000	0.00000	0.00000	1.00000
===
0.71141	-0.70271	0.00967	-1.58882
0.03272	0.01938	-0.99928	0.55852
0.70202	0.71121	0.03678	0.36395
0.00000	0.00000	0.00000	1.00000
===
0.71197	-0.70215	0.00950	1.81657
0.03353	0.02047	-0.99923	3.13404
0.70141	0.71174	0.03812	3.67370
0.00000	0.00000	0.00000	1.00000
===
0.71190	-0.70222	0.00923	0.10167
0.03269	0.02001	-0.99927	3.05810
0.70152	0.71168	0.03720	1.97300
0.00000	0.00000	0.00000	1.00000
===
0.71181	-0.70231	0.00944	5.26116
0.03343	0.02045	-0.99923	0.74755
0.70158	0.71158	0.03803	3.74338
0.00000	0.00000	0.00000	1.00000
===
0.71172	-0.70241	0.00887	-3.28052
0.03253	0.02034	-0.99926	-1.81063
0.70171	0.71148	0.03733	2.17843
0.00000	0.00000	0.00000	1.00000
