===
WorldToCameraMatrices
===
0.98119	-0.07178	0.17920	0.08027
0.14643	0.88164	-0.44862	-0.98465
0.12578	-0.46642	-0.87557	0.54407
0.00000	0.00000	0.00000	1.00000
===
0.82442	-0.11959	-0.55319	0.08842
-0.07188	0.94738	-0.31193	-1.03849
-0.56139	-0.29692	-0.77245	0.41347
0.00000	0.00000	0.00000	1.00000
===
0.98013	-0.18463	-0.07253	0.17541
0.09695	0.76486	-0.63686	-0.88921
-0.17306	-0.61717	-0.76756	0.69378
0.00000	0.00000	0.00000	1.00000
===
0.98177	-0.03205	0.18734	0.02737
0.05225	0.99322	-0.10387	-1.07422
0.18274	-0.11177	-0.97679	0.17120
0.00000	0.00000	0.00000	1.00000
===
ProjectorMatrices
===
2.44082	0.00000	0.07675	0.00000
0.00000	4.33960	-0.06811	0.00000
0.00000	0.00000	-1.00000	0.00000
0.00000	0.00000	-1.00000	0.00000
===
2.44082	0.00000	0.07675	0.00000
0.00000	4.33960	-0.06811	0.00000
0.00000	0.00000	-1.00000	0.00000
0.00000	0.00000	-1.00000	0.00000
===
2.44082	0.00000	0.07675	0.00000
0.00000	4.33960	-0.06811	0.00000
0.00000	0.00000	-1.00000	0.00000
0.00000	0.00000	-1.00000	0.00000
===
2.44082	0.00000	0.07675	0.00000
0.00000	4.33960	-0.06811	0.00000
0.00000	0.00000	-1.00000	0.00000
0.00000	0.00000	-1.00000	0.00000
===
LocalToWorldMatrices
===
0.98593	-0.16717	-0.00181	-3.24345
-0.00388	-0.01207	-0.99992	1.28020
0.16714	0.98585	-0.01255	0.00109
0.00000	0.00000	0.00000	1.00000
===
0.98600	-0.16674	-0.00016	-0.04712
-0.00209	-0.01142	-0.99993	1.31248
0.16673	0.98593	-0.01161	-4.37063
0.00000	0.00000	0.00000	1.00000
===
0.98611	-0.16608	0.00031	0.36455
-0.00141	-0.01024	-0.99995	1.33246
0.16607	0.98606	-0.01033	-6.75765
0.00000	0.00000	0.00000	1.00000
===
0.98589	-0.16737	-0.00197	-0.45258
-0.00404	-0.01207	-0.99992	1.30026
0.16734	0.98582	-0.01257	-1.97993
0.00000	0.00000	0.00000	1.00000
===
0.98594	-0.16706	-0.00250	-0.84863
-0.00424	-0.01005	-0.99994	3.67759
0.16703	0.98590	-0.01061	0.42893
0.00000	0.00000	0.00000	1.00000
===
0.98590	-0.16730	-0.00196	-0.85784
-0.00385	-0.01099	-0.99993	1.27009
0.16727	0.98584	-0.01148	0.40591
0.00000	0.00000	0.00000	1.00000
===
0.98600	-0.16674	-0.00016	1.53160
-0.00209	-0.01142	-0.99993	-1.16770
0.16673	0.98593	-0.01161	0.77671
0.00000	0.00000	0.00000	1.00000
===
0.98595	-0.16704	-0.00255	1.53747
-0.00430	-0.01010	-0.99994	3.66739
0.16700	0.98590	-0.01068	0.83322
0.00000	0.00000	0.00000	1.00000
===
0.98628	-0.16510	0.00095	2.74585
-0.00054	-0.00900	-0.99996	-1.10070
0.16510	0.98624	-0.00897	-6.36106
0.00000	0.00000	0.00000	1.00000
===
0.98591	-0.16730	0.00096	-0.03482
-0.00099	-0.01159	-0.99993	-1.11180
0.16730	0.98584	-0.01159	-4.40232
0.00000	0.00000	0.00000	1.00000
===
0.98630	-0.16499	-0.00096	0.35575
-0.00263	-0.00987	-0.99995	-1.08912
0.16497	0.98625	-0.01017	-6.77844
0.00000	0.00000	0.00000	1.00000
===
0.98600	-0.16674	-0.00016	1.12808
-0.00209	-0.01142	-0.99993	-1.19534
0.16673	0.98593	-0.01161	3.16267
0.00000	0.00000	0.00000	1.00000
===
0.98615	-0.16588	-0.00078	-0.43385
-0.00235	-0.00926	-0.99995	-1.14037
0.16587	0.98610	-0.00952	-1.98877
0.00000	0.00000	0.00000	1.00000
===
0.98594	-0.16706	-0.00252	-2.83640
-0.00429	-0.01019	-0.99994	1.29304
0.16702	0.98589	-0.01077	-2.38684
0.00000	0.00000	0.00000	1.00000
===
0.98603	-0.16654	0.00029	4.73649
-0.00156	-0.01094	-0.99994	-1.11918
0.16653	0.98597	-0.01104	-3.59373
0.00000	0.00000	0.00000	1.00000
===
0.98595	-0.16704	-0.00255	1.13323
-0.00430	-0.01010	-0.99994	3.64294
0.16700	0.98590	-0.01068	3.21910
0.00000	0.00000	0.00000	1.00000
===
0.98590	-0.16730	-0.00196	1.52805
-0.00385	-0.01099	-0.99993	1.26077
0.16727	0.98584	-0.01148	0.81070
0.00000	0.00000	0.00000	1.00000
===
0.98717	-0.15968	-0.00156	-2.44020
-0.00274	-0.00714	-0.99997	1.30289
0.15966	0.98714	-0.00749	-4.74086
0.00000	0.00000	0.00000	1.00000
===
0.98600	-0.16674	-0.00016	2.33901
-0.00209	-0.01142	-0.99993	1.30742
0.16673	0.98593	-0.01161	-3.96714
0.00000	0.00000	0.00000	1.00000
===
0.98631	-0.16490	-0.00250	-2.83560
-0.00361	-0.00640	-0.99997	-1.13235
0.16488	0.98629	-0.00691	-2.39561
0.00000	0.00000	0.00000	1.00000
===
0.98632	-0.16481	-0.00351	-2.44571
-0.00470	-0.00686	-0.99997	-1.11374
0.16478	0.98630	-0.00754	-4.77084
0.00000	0.00000	0.00000	1.00000
===
0.98625	-0.16525	-0.00024	2.74064
-0.00180	-0.00930	-0.99996	1.32245
0.16524	0.98621	-0.00947	-6.35148
0.00000	0.00000	0.00000	1.00000
===
0.98581	-0.16788	0.00086	4.73358
-0.00097	-0.01082	-0.99994	1.30256
0.16788	0.98575	-0.01083	-3.56249
0.00000	0.00000	0.00000	1.00000
===
0.98600	-0.16674	-0.00016	1.93511
-0.00209	-0.01142	-0.99993	-1.14006
0.16673	0.98593	-0.01161	-1.60927
0.00000	0.00000	0.00000	1.00000
===
0.98608	-0.16628	0.00125	5.11946
-0.00036	-0.00963	-0.99995	1.32573
0.16628	0.98603	-0.00956	-5.95216
0.00000	0.00000	0.00000	1.00000
===
0.98589	-0.16738	0.00081	2.35136
-0.00092	-0.01029	-0.99995	-1.11536
0.16738	0.98584	-0.01030	-3.99542
0.00000	0.00000	0.00000	1.00000
===
0.98595	-0.16704	-0.00255	1.12706
-0.00430	-0.01010	-0.99994	1.22308
0.16700	0.98590	-0.01068	3.19326
0.00000	0.00000	0.00000	1.00000
===
0.98595	-0.16704	-0.00255	-1.25894
-0.00430	-0.01010	-0.99994	1.23349
0.16700	0.98590	-0.01068	2.78911
0.00000	0.00000	0.00000	1.00000
===
0.98600	-0.16676	-0.00005	1.93556
-0.00198	-0.01137	-0.99993	1.27965
0.16675	0.98593	-0.01154	-1.58109
0.00000	0.00000	0.00000	1.00000
===
0.98590	-0.16730	-0.00196	-0.86258
-0.00385	-0.01099	-0.99993	-1.14975
0.16727	0.98584	-0.01148	0.37812
0.00000	0.00000	0.00000	1.00000
