===
WorldToCameraMatrices
===
0.97806	-0.00234	0.20829	-0.50422
-0.03076	0.98735	0.15553	-0.56130
0.20602	0.15852	-0.96562	-3.21895
0.00000	0.00000	0.00000	1.00000
===
0.95970	0.02942	0.27948	-0.51611
-0.10440	0.96066	0.25738	-0.79612
0.26091	0.27618	-0.92501	-0.97415
0.00000	0.00000	0.00000	1.00000
===
0.70615	-0.02315	0.70769	-2.42282
-0.27173	0.91408	0.30104	-0.57825
0.65385	0.40488	-0.63919	-1.32054
0.00000	0.00000	0.00000	1.00000
===
0.72156	-0.19209	0.66517	-2.26664
-0.39371	0.67645	0.62243	-2.21165
0.56952	0.71100	-0.41247	0.03549
0.00000	0.00000	0.00000	1.00000
===
0.96961	-0.01032	0.24445	-0.38823
0.02464	0.99815	-0.05560	-1.17621
0.24342	-0.05993	-0.96807	-0.86432
0.00000	0.00000	0.00000	1.00000
===
0.83044	-0.01308	0.55695	-0.01259
0.05065	0.99736	-0.05211	-1.18793
0.55480	-0.07148	-0.82891	-0.88953
0.00000	0.00000	0.00000	1.00000
===
0.98968	-0.02569	-0.14101	-0.64356
0.01796	0.99828	-0.05582	-1.16297
-0.14220	-0.05271	-0.98844	-0.46185
0.00000	0.00000	0.00000	1.00000
===
0.81397	0.01191	0.58078	0.19575
-0.16771	0.96204	0.21532	-0.46799
0.55617	0.27266	-0.78507	-2.27271
0.00000	0.00000	0.00000	1.00000
===
0.99597	-0.01669	0.08816	-1.76466
-0.01513	0.93724	0.34837	-0.99543
0.08844	0.34830	-0.93320	-0.37852
0.00000	0.00000	0.00000	1.00000
===
0.99786	-0.04287	0.04935	-1.77940
0.01003	0.84641	0.53244	-0.94990
0.06460	0.53081	-0.84503	-0.50675
0.00000	0.00000	0.00000	1.00000
===
0.91614	-0.03038	0.39972	1.40994
-0.15437	0.89349	0.42171	-0.61643
0.36995	0.44805	-0.81387	-0.92064
0.00000	0.00000	0.00000	1.00000
===
0.90112	-0.06879	0.42809	1.45843
-0.04081	0.96949	0.24170	-0.85361
0.43165	0.23527	-0.87082	-0.60738
0.00000	0.00000	0.00000	1.00000
===
0.82761	-0.14185	0.54309	-3.77982
-0.35490	0.61736	0.70207	-1.57504
0.43487	0.77379	-0.46059	-0.67463
0.00000	0.00000	0.00000	1.00000
===
0.89345	-0.10709	0.43621	-3.72043
-0.15141	0.84251	0.51696	-1.85936
0.42288	0.52793	-0.73652	0.29885
0.00000	0.00000	0.00000	1.00000
===
0.92657	-0.07898	0.36773	-3.62857
-0.06787	0.92654	0.37002	-1.44503
0.36994	0.36781	-0.85315	-0.00476
0.00000	0.00000	0.00000	1.00000
===
ProjectorMatrices
===
2.44082	0.00000	0.07675	0.00000
0.00000	4.33960	-0.06811	0.00000
0.00000	0.00000	-1.00000	0.00000
0.00000	0.00000	-1.00000	0.00000
===
2.44082	0.00000	0.07675	0.00000
0.00000	4.33960	-0.06811	0.00000
0.00000	0.00000	-1.00000	0.00000
0.00000	0.00000	-1.00000	0.00000
===
2.44082	0.00000	0.07675	0.00000
0.00000	4.33960	-0.06811	0.00000
0.00000	0.00000	-1.00000	0.00000
0.00000	0.00000	-1.00000	0.00000
===
2.44082	0.00000	0.07675	0.00000
0.00000	4.33960	-0.06811	0.00000
0.00000	0.00000	-1.00000	0.00000
0.00000	0.00000	-1.00000	0.00000
===
2.44082	0.00000	0.07675	0.00000
0.00000	4.33960	-0.06811	0.00000
0.00000	0.00000	-1.00000	0.00000
0.00000	0.00000	-1.00000	0.00000
===
2.44082	0.00000	0.07675	0.00000
0.00000	4.33960	-0.06811	0.00000
0.00000	0.00000	-1.00000	0.00000
0.00000	0.00000	-1.00000	0.00000
===
2.44082	0.00000	0.07675	0.00000
0.00000	4.33960	-0.06811	0.00000
0.00000	0.00000	-1.00000	0.00000
0.00000	0.00000	-1.00000	0.00000
===
2.44082	0.00000	0.07675	0.00000
0.00000	4.33960	-0.06811	0.00000
0.00000	0.00000	-1.00000	0.00000
0.00000	0.00000	-1.00000	0.00000
===
2.44082	0.00000	0.07675	0.00000
0.00000	4.33960	-0.06811	0.00000
0.00000	0.00000	-1.00000	0.00000
0.00000	0.00000	-1.00000	0.00000
===
2.44082	0.00000	0.07675	0.00000
0.00000	4.33960	-0.06811	0.00000
0.00000	0.00000	-1.00000	0.00000
0.00000	0.00000	-1.00000	0.00000
===
2.44082	0.00000	0.07675	0.00000
0.00000	4.33960	-0.06811	0.00000
0.00000	0.00000	-1.00000	0.00000
0.00000	0.00000	-1.00000	0.00000
===
2.44082	0.00000	0.07675	0.00000
0.00000	4.33960	-0.06811	0.00000
0.00000	0.00000	-1.00000	0.00000
0.00000	0.00000	-1.00000	0.00000
===
2.44082	0.00000	0.07675	0.00000
0.00000	4.33960	-0.06811	0.00000
0.00000	0.00000	-1.00000	0.00000
0.00000	0.00000	-1.00000	0.00000
===
2.44082	0.00000	0.07675	0.00000
0.00000	4.33960	-0.06811	0.00000
0.00000	0.00000	-1.00000	0.00000
0.00000	0.00000	-1.00000	0.00000
===
2.44082	0.00000	0.07675	0.00000
0.00000	4.33960	-0.06811	0.00000
0.00000	0.00000	-1.00000	0.00000
0.00000	0.00000	-1.00000	0.00000
===
LocalToWorldMatrices
===
0.32437	-0.94590	-0.00737	4.79879
0.03143	0.01856	-0.99933	0.55657
0.94541	0.32392	0.03575	1.38204
0.00000	0.00000	0.00000	1.00000
===
0.32749	-0.94481	-0.00922	-1.36603
0.03355	0.02139	-0.99921	2.89967
0.94426	0.32692	0.03870	-1.70327
0.00000	0.00000	0.00000	1.00000
===
0.32760	-0.94475	-0.01129	0.10658
0.03315	0.02344	-0.99918	0.34576
0.94424	0.32695	0.03900	-4.68406
0.00000	0.00000	0.00000	1.00000
===
0.32811	-0.94460	-0.00901	-4.40649
0.03295	0.02098	-0.99924	-1.67167
0.94406	0.32756	0.03801	4.62797
0.00000	0.00000	0.00000	1.00000
===
0.32787	-0.94470	-0.00717	4.75706
0.03283	0.01898	-0.99928	-1.86398
0.94415	0.32740	0.03724	1.46347
0.00000	0.00000	0.00000	1.00000
===
0.32729	-0.94489	-0.00800	1.69571
0.03304	0.01991	-0.99926	0.51807
0.94435	0.32679	0.03773	-0.12150
0.00000	0.00000	0.00000	1.00000
===
0.32824	-0.94455	-0.00881	4.05594
0.03385	0.02108	-0.99920	0.75589
0.94399	0.32768	0.03890	6.72959
0.00000	0.00000	0.00000	1.00000
===
0.32811	-0.94460	-0.00901	-5.17870
0.03295	0.02098	-0.99924	0.66674
0.94406	0.32756	0.03801	2.25134
0.00000	0.00000	0.00000	1.00000
===
0.32811	-0.94460	-0.00901	-4.36286
0.03295	0.02098	-0.99924	3.16464
0.94406	0.32756	0.03801	4.44398
0.00000	0.00000	0.00000	1.00000
===
0.32811	-0.94460	-0.00901	-3.70862
0.03295	0.02098	-0.99924	-1.88194
0.94406	0.32756	0.03801	-0.73402
0.00000	0.00000	0.00000	1.00000
===
0.32769	-0.94475	-0.00806	-0.61334
0.03315	0.02002	-0.99925	-1.85285
0.94420	0.32718	0.03788	0.76138
0.00000	0.00000	0.00000	1.00000
===
0.32811	-0.94460	-0.00901	-3.68680
0.03295	0.02098	-0.99924	0.53622
0.94406	0.32756	0.03801	-0.82601
0.00000	0.00000	0.00000	1.00000
===
0.32437	-0.94590	-0.00737	5.60158
0.03143	0.01856	-0.99933	3.05102
0.94541	0.32392	0.03575	3.58344
0.00000	0.00000	0.00000	1.00000
===
0.32731	-0.94489	-0.00752	3.99955
0.03299	0.01938	-0.99927	2.89010
0.94434	0.32682	0.03752	-1.00418
0.00000	0.00000	0.00000	1.00000
===
0.32811	-0.94460	-0.00901	-2.07693
0.03295	0.02098	-0.99924	3.11387
0.94406	0.32756	0.03801	3.65128
0.00000	0.00000	0.00000	1.00000
===
0.32811	-0.94460	-0.00901	-5.15689
0.03295	0.02098	-0.99924	3.08490
0.94406	0.32756	0.03801	2.15934
0.00000	0.00000	0.00000	1.00000
===
0.32811	-0.94460	-0.00901	-5.20052
0.03295	0.02098	-0.99924	-1.75142
0.94406	0.32756	0.03801	2.34333
0.00000	0.00000	0.00000	1.00000
===
0.32811	-0.94460	-0.00901	-5.97273
0.03295	0.02098	-0.99924	0.58699
0.94406	0.32756	0.03801	-0.03330
0.00000	0.00000	0.00000	1.00000
===
0.32811	-0.94460	-0.00901	-2.09875
0.03295	0.02098	-0.99924	0.69571
0.94406	0.32756	0.03801	3.74327
0.00000	0.00000	0.00000	1.00000
===
0.32811	-0.94460	-0.00901	0.18718
0.03295	0.02098	-0.99924	0.64494
0.94406	0.32756	0.03801	2.95057
0.00000	0.00000	0.00000	1.00000
===
0.32488	-0.94572	-0.00813	2.51196
0.03123	0.01932	-0.99933	3.01838
0.94524	0.32441	0.03581	2.07261
0.00000	0.00000	0.00000	1.00000
===
0.32437	-0.94590	-0.00737	4.81662
0.03143	0.01856	-0.99933	2.97497
0.94541	0.32392	0.03575	1.29554
0.00000	0.00000	0.00000	1.00000
===
0.32811	-0.94460	-0.00901	-4.38468
0.03295	0.02098	-0.99924	0.74649
0.94406	0.32756	0.03801	4.53598
0.00000	0.00000	0.00000	1.00000
===
0.32725	-0.94490	-0.00859	3.30705
0.03314	0.02056	-0.99924	3.09215
0.94436	0.32671	0.03804	4.36285
0.00000	0.00000	0.00000	1.00000
===
0.32729	-0.94489	-0.00800	-1.40234
0.03304	0.01991	-0.99926	-1.93191
0.94435	0.32679	0.03773	-1.52469
0.00000	0.00000	0.00000	1.00000
===
0.32811	-0.94460	-0.00901	-5.95092
0.03295	0.02098	-0.99924	3.00515
0.94406	0.32756	0.03801	-0.12530
0.00000	0.00000	0.00000	1.00000
===
0.32672	-0.94510	-0.00573	0.90581
0.03407	0.01783	-0.99926	0.43786
0.94451	0.32628	0.03803	-2.40959
0.00000	0.00000	0.00000	1.00000
===
0.32860	-0.94443	-0.00899	0.98067
0.03338	0.02113	-0.99922	0.72515
0.94388	0.32804	0.03847	5.23392
0.00000	0.00000	0.00000	1.00000
===
0.32769	-0.94475	-0.00806	-0.59384
0.03315	0.02002	-0.99925	0.56534
0.94420	0.32718	0.03788	0.66972
0.00000	0.00000	0.00000	1.00000
===
0.32779	-0.94470	-0.00922	-2.15967
0.03339	0.02134	-0.99921	2.81938
0.94416	0.32723	0.03854	-3.98848
0.00000	0.00000	0.00000	1.00000
===
0.32811	-0.94460	-0.00901	-2.89278
0.03295	0.02098	-0.99924	0.61596
0.94406	0.32756	0.03801	1.45863
0.00000	0.00000	0.00000	1.00000
===
0.32799	-0.94464	-0.00903	-5.99851
0.03314	0.02106	-0.99923	-1.83132
0.94410	0.32743	0.03821	0.06024
0.00000	0.00000	0.00000	1.00000
===
0.32763	-0.94475	-0.01004	-2.18896
0.03315	0.02211	-0.99921	0.40053
0.94422	0.32704	0.03856	-3.89519
0.00000	0.00000	0.00000	1.00000
===
0.32816	-0.94457	-0.00994	-4.47586
0.03318	0.02205	-0.99921	0.45274
0.94404	0.32756	0.03858	-3.10942
0.00000	0.00000	0.00000	1.00000
===
0.32729	-0.94489	-0.00800	2.46840
0.03304	0.01991	-0.99926	-1.82019
0.94435	0.32679	0.03773	2.25513
0.00000	0.00000	0.00000	1.00000
===
0.32811	-0.94460	-0.00901	-2.87096
0.03295	0.02098	-0.99924	3.03412
0.94406	0.32756	0.03801	1.36664
0.00000	0.00000	0.00000	1.00000
===
0.32846	-0.94448	-0.00880	0.99831
0.03395	0.02111	-0.99920	3.14284
0.94391	0.32790	0.03900	5.14253
0.00000	0.00000	0.00000	1.00000
===
0.32738	-0.94484	-0.00968	-4.44869
0.03303	0.02168	-0.99922	2.87244
0.94432	0.32680	0.03831	-3.19698
0.00000	0.00000	0.00000	1.00000
===
0.32729	-0.94489	-0.00800	2.48776
0.03304	0.01991	-0.99926	0.59801
0.94435	0.32679	0.03773	2.16383
0.00000	0.00000	0.00000	1.00000
===
0.32811	-0.94460	-0.00901	-2.12056
0.03295	0.02098	-0.99924	-1.72244
0.94406	0.32756	0.03801	3.83526
0.00000	0.00000	0.00000	1.00000
===
0.32811	-0.94460	-0.00901	-2.91459
0.03295	0.02098	-0.99924	-1.80219
0.94406	0.32756	0.03801	1.55062
0.00000	0.00000	0.00000	1.00000
===
0.32769	-0.94475	-0.00806	-0.57433
0.03315	0.02002	-0.99925	2.98352
0.94420	0.32718	0.03788	0.57806
0.00000	0.00000	0.00000	1.00000
===
0.32811	-0.94460	-0.00901	-3.66499
0.03295	0.02098	-0.99924	2.95437
0.94406	0.32756	0.03801	-0.91800
0.00000	0.00000	0.00000	1.00000
===
0.32745	-0.94483	-0.00802	3.26189
0.03361	0.02013	-0.99923	-1.74040
0.94427	0.32693	0.03835	4.54316
0.00000	0.00000	0.00000	1.00000
===
0.32765	-0.94477	-0.00751	0.92027
0.03319	0.01945	-0.99926	2.85652
0.94422	0.32716	0.03774	-2.50143
0.00000	0.00000	0.00000	1.00000
===
0.32769	-0.94475	-0.00746	3.18577
0.03270	0.01924	-0.99928	0.39279
0.94422	0.32721	0.03720	-3.20137
0.00000	0.00000	0.00000	1.00000
===
0.32731	-0.94489	-0.00752	3.98134
0.03299	0.01938	-0.99927	0.47187
0.94434	0.32682	0.03752	-0.91339
0.00000	0.00000	0.00000	1.00000
===
0.32745	-0.94483	-0.00802	0.97539
0.03361	0.02013	-0.99923	-1.69168
0.94427	0.32693	0.03835	5.33434
0.00000	0.00000	0.00000	1.00000
===
0.32903	-0.94431	-0.00531	0.17498
0.02871	0.01562	-0.99947	-1.76183
0.94388	0.32870	0.03225	3.02401
0.00000	0.00000	0.00000	1.00000
===
0.32731	-0.94489	-0.00752	1.71292
0.03299	0.01938	-0.99927	2.93701
0.94434	0.32682	0.03752	-0.21328
0.00000	0.00000	0.00000	1.00000
===
0.32729	-0.94489	-0.00800	-1.38298
0.03304	0.01991	-0.99926	0.48630
0.94435	0.32679	0.03773	-1.61599
0.00000	0.00000	0.00000	1.00000
===
0.32767	-0.94476	-0.00783	3.28253
0.03311	0.01976	-0.99926	0.67806
0.94421	0.32716	0.03776	4.45067
0.00000	0.00000	0.00000	1.00000
===
0.32866	-0.94439	-0.01046	-1.27489
0.03483	0.02319	-0.99912	3.19501
0.94381	0.32800	0.04051	5.93165
0.00000	0.00000	0.00000	1.00000
===
0.32437	-0.94590	-0.00737	5.58375
0.03143	0.01856	-0.99933	0.63262
0.94541	0.32392	0.03575	3.66994
0.00000	0.00000	0.00000	1.00000
===
0.32860	-0.94443	-0.00899	-1.30484
0.03338	0.02113	-0.99922	0.77628
0.94388	0.32804	0.03847	6.02778
0.00000	0.00000	0.00000	1.00000
===
0.32729	-0.94489	-0.00800	0.88429
0.03304	0.01991	-0.99926	-1.98008
0.94435	0.32679	0.03773	-2.31551
0.00000	0.00000	0.00000	1.00000
===
0.32836	-0.94451	-0.00864	0.21211
0.03311	0.02065	-0.99924	3.06587
0.94397	0.32782	0.03805	2.85889
0.00000	0.00000	0.00000	1.00000
===
0.32729	-0.94489	-0.00800	1.67634
0.03304	0.01991	-0.99926	-1.90014
0.94435	0.32679	0.03773	-0.03019
0.00000	0.00000	0.00000	1.00000
